

08 00 00 00 01 00 00 00 02 00 00 00 07 00 00 00 05 00 00 00 03 00 00 00 06 00 00 00 04 00 00 00 09 00 00 00 09 00 00 00 04 00 00 00 03 00 00 00 06 00 00 00 08 00 00 00 02 00 00 00 01 00 00 00 07 00 00 00 05 00 00 00 06 00 00 00 07 00 00 00 05 00 00 00 04 00 00 00 09 00 00 00 01 00 00 00 02 00 00 00 08 00 00 00 03 00 00 00 01 00 00 00 05 00 00 00 04 00 00 00 02 00 00 00 03 00 00 00 07 00 00 00 08 00 00 00 09 00 00 00 06 00 00 00 03 00 00 00 06 00 00 00 09 00 00 00 08 00 00 00 04 00 00 00 05 00 00 00 07 00 00 00 02 00 00 00 01 00 00 00 02 00 00 00 08 00 00 00 07 00 00 00 01 00 00 00 06 00 00 00 09 00 00 00 05 00 00 00 03 00 00 00 04 00 00 00 05 00 00 00 02 00 00 00 01 00 00 00 09 00 00 00 07 00 00 00 04 00 00 00 03 00 00 00 06 00 00 00 08 00 00 00 04 00 00 00 03 00 00 00 08 00 00 00 05 00 00 00 02 00 00 00 06 00 00 00 09 00 00 00 01 00 00 00 07 00 00 00 07 00 00 00 09 00 00 00 06 00 00 00 03 00 00 00 01 00 00 00 08 00 00 00 04 00 00 00 05 00 00 00 02 00 00 00


sau khi sửa data trong stack rồi chạy ra kết quả sau:


This is your challenge:
8  1  2  7  5  3  6  4  9
9  4  3  6  8  2  1  7  5
6  7  5  4  9  1  2  8  3
1  5  4  2  3  7  8  9  6
3  6  9  8  4  5  7  2  1
2  8  7  1  6  9  5  3  4
5  2  1  9  7  4  3  6  8
4  3  8  5  2  6  9  1  7
7  9  6  3  1  8  4  5  2
...and here is your flag:
3a$iest_g4m3_0f_mY_l1f3


-> flag : 3a$iest_g4m3_0f_mY_l1f3